t,veh_ID0,Y0,v0,a0,veh_ID1,Y1,v1,a1,veh_ID2,Y2,v2,a2,veh_ID-1,Y-1,v-1,a-1
1118849045.3,510.0,350.5684742868165,14.601713417763435,0.06173595008848789,512.0,334.4457080463632,13.733061413825583,0.3019829208883273,518.0,299.7215755112191,10.5939824560167,0.8120094097630368,505.0,370.8827339539752,13.097641293960985,-0.36863877153293767
1118849045.4,510.0,352.0293354343493,14.61550953288228,0.04681989992084163,512.0,335.82056605754696,13.764098809854778,0.31222687043810854,518.0,300.78502962417485,10.675099803098075,0.8125698752831907,505.0,372.19066269864584,13.060933599470511,-0.32372589345906244
1118849045.5,510.0,353.48959904339404,14.58976264805352,0.049966811116106076,512.0,337.1985723377839,13.79602679488953,0.30469574554192025,518.0,301.8565580189434,10.75546809227332,0.785519749288946,505.0,373.4951184512887,13.028181453363523,-0.2940309278795195
1118849045.6,510.0,354.9489027518705,14.596311521492472,0.02819861937030455,512.0,338.57975842551036,13.82769495963098,0.2927580589710788,518.0,302.9360216926997,10.833805382852134,0.760768104247832,505.0,374.796441977813,12.998289077148131,-0.2738554127005006
1118849045.7,510.0,356.4086802572494,14.599238586078615,0.00673796408493002,512.0,339.9639891464434,13.856919459036801,0.2585933849012344,518.0,304.0231958848288,10.909678459734206,0.7368790102533729,505.0,376.0949063546865,12.970998460286792,-0.2486524351484451
1118849045.8,510.0,357.86859695472697,14.599095363429981,-0.008447427566152887,512.0,341.35093886242515,13.88207486059396,0.215990175184457,518.0,305.117852681984,10.98345748338511,0.7194339062928484,505.0,377.3907744239246,12.946362924485562,-0.2230210655826743
1118849045.9,510.0,359.3284221351358,14.597408244754027,-0.022240547736077847,512.0,342.74020413202214,13.903230531349395,0.18910231940640568,518.0,306.21981196461934,11.055728169281608,0.7098632345054724,505.0,378.6843034078262,12.924216753555447,-0.200990900492846
1118849046.0,510.0,360.78809229487723,14.59599495006185,-0.009853866055655143,512.0,344.1314580330516,13.92184748924458,0.17357265445389042,518.0,307.32893638064803,11.126760151329629,0.697693125064862,505.0,379.9756961002919,12.903637095755677,-0.21378010709819642
1118849046.1,510.0,362.2476761654186,14.595682460781575,0.002757568077775954,512.0,345.52452158292704,13.939423508246986,0.1688238997065395,518.0,308.4450959940464,11.196432116646877,0.6829133994698446,505.0,381.2650078650993,12.882598200375773,-0.2323363417072201
1118849046.2,510.0,363.70724263422403,14.595646915350606,-0.0035647668712810564,512.0,346.9193157303817,13.956459440813509,0.1630512881208875,518.0,309.56814733326615,11.264594667719887,0.6677828570771225,505.0,382.5520721098399,12.858686694479571,-0.2746919933551488
1118849046.3,510.0,365.16673088416826,14.59411808349553,-0.033520605878674885,512.0,348.3157729797964,13.972685547518171,0.14941368426303145,518.0,310.6979547381975,11.33155343089334,0.6750572741728597,505.0,383.83654078827055,12.830686874117617,-0.3190264600858718
1118849046.4,510.0,366.6259255353449,14.589774940091411,-0.07260194488902917,512.0,349.7137948333565,13.987751523682608,0.13711593408700049,518.0,311.8344462617362,11.398277039898963,0.6792196372776297,505.0,385.118057812253,12.799653605531041,-0.31593643411434863
1118849046.5,510.0,368.0845284211985,14.58228277696097,-0.11046533799668586,512.0,351.11325771187387,14.001506046667071,0.12447204257727137,518.0,312.9776653030253,11.46610378588021,0.6974474439867256,505.0,386.3964544307119,12.768278763647574,-0.3040589979922854
1118849046.6,510.0,369.542226294877,14.571674696610112,-0.1487378337241315,512.0,352.5140338557374,14.014016830609892,0.11346210183385527,518.0,314.1277807570332,11.536205294272797,0.7253900746785971,505.0,387.6718027943611,12.73868850932527,-0.28067135962545553
1118849046.7,510.0,370.99868930527055,14.557585511246675,-0.1785093002405902,512.0,353.9159912934598,14.025131923794303,-0.7547995514504784,518.0,315.2850542654421,11.609264873904934,0.7559765946181989,505.0,388.9442709046233,12.710673695921054,-0.2729268515292333
1118849046.8,510.0,372.45352859942966,14.539200371930768,-0.2316289757481001,512.0,355.3189278647677,14.033599502405263,-0.4864374356176336,518.0,316.4497919926864,11.685489670962973,0.7880595387045511,505.0,390.21391930147786,12.682294241204893,-0.2878433789478845
1118849046.9,510.0,373.9062727769144,14.515683177790915,-0.29299590170775186,512.0,356.72245989779356,14.037041158061902,-0.01806455887630473,518.0,317.62230016979294,11.764673871188192,0.8159232996210845,505.0,391.48064265841975,12.652172897628205,-0.3073122616550562
1118849047.0,510.0,375.3563815679778,14.486492643487894,-0.3581906467603776,512.0,358.1228467556812,13.970695999698838,0.5898237454142942,518.0,318.8028400183443,11.846123099832898,0.8339407461027768,505.0,392.74429652267014,12.62090438738251,-0.310509788632976
1118849047.1,510.0,376.80327885159267,14.451453028800984,-0.40481186446163886,512.0,359.5192907628527,13.958184143741287,-0.1819900437756798,518.0,319.99157891792544,11.928654891809604,0.8170042608150583,505.0,394.00486193498614,12.59040385890113,-0.2921380156009604
1118849047.2,510.0,378.246382507881,14.410620096954041,-0.4659438011732862,512.0,360.9140463290281,13.93692717974868,-0.27281047609310477,518.0,321.18855640521133,12.010894853869052,0.8074259312398553,505.0,395.2625078227668,12.562513896721205,-0.22989101264205614
1118849047.3,510.0,379.68511614658274,14.364052677069541,-0.5270988941304777,512.0,362.30631319867723,13.908410213260888,-0.3373204526816275,518.0,322.3936860058388,12.091697158706008,0.7886071927767938,505.0,396.5175537443763,12.538404535482142,-0.19305390245596532
1118849047.4,510.0,381.11889493962906,14.311523183850301,-0.5930840504856354,512.0,363.69552730277536,13.875871868729732,-0.35884933024627547,518.0,323.6067884293705,12.170351311958516,0.7649949499565205,505.0,397.77041275023265,12.518775581633438,-0.15129226817434946
1118849047.5,510.0,382.5470890572092,14.252359167775866,-0.6458947664795645,512.0,365.0814752518848,13.843087113461609,-0.30757472868124325,518.0,324.8276289012352,12.246458125288429,0.7258076240191462,505.0,399.0215544057945,12.504057529630687,-0.10690309390879407
1118849047.6,510.0,383.96900205320475,14.185900752130863,-0.7232354313954686,512.0,366.4642680662267,13.812769173316466,-0.274786165885986,518.0,326.0559329393217,12.319622636452282,0.694925130259991,505.0,400.27147727572884,12.494399869003098,2.271500048488584
1118849047.7,510.0,385.3839211821193,14.112481826137326,-0.7892903743694302,512.0,367.8442053755088,13.785977012370756,-0.23984994530835416,518.0,327.29137837446797,12.389286066485823,0.6578224689472442,505.0,401.52068344947713,12.489723605985867,0.7090592346903245
1118849047.8,510.0,386.79124881891073,14.034070909697355,-0.8260769572034449,512.0,369.2216049924846,13.762015327135309,-0.22041709071875432,518.0,328.53358483501023,12.4548431443501,0.6151866213200712,505.0,402.76966081509875,12.489823706472757,-0.7728613421396041
1118849047.9,510.0,388.1906478351379,13.9539094148311,-0.7821093428720045,512.0,370.59664697486147,13.73882432040217,-0.24336040031147002,518.0,329.78211860771466,12.515832309743068,0.559375310574675,505.0,404.0188703684725,12.49436736095616,-2.123175835437327
1118849048.0,510.0,389.5821056394212,13.87524667086143,-0.7535354353820338,512.0,371.9693057089543,13.714350361462708,-0.26500335915665346,518.0,331.03650957793405,12.571987094661994,0.5123838249802604,505.0,405.26873134049765,12.502852079563281,0.10972014379064819
1118849048.1,510.0,390.9658763009736,13.800166560199914,-0.7121695994251296,512.0,373.33940705247994,13.687676509060273,-0.2890557499698414,518.0,332.2962693800208,12.623208947028743,0.4652263340356219,505.0,406.5195945280729,12.514411671944227,0.13638249046653075
1118849048.2,510.0,392.3423457067908,13.72922155613047,-0.6728103738700912,512.0,374.70673275650125,13.658837571340023,-0.3099756872728141,518.0,333.56091098296724,12.669623111899107,0.42062525084340635,505.0,407.77170619501345,12.52782166685232,0.14911503950768593
1118849048.3,510.0,393.7118991315799,13.661846939676163,-0.6412111142869059,512.0,376.07107887510455,13.628084800731083,-0.32374784538012064,518.0,334.8299718076508,12.71159338178646,0.3840531391250685,505.0,409.0252105863405,12.542266159724386,0.15840685479242084
1118849048.4,510.0,395.07485936782825,13.597357785237996,-0.6152738038829949,512.0,377.4322615031286,13.595567759771248,-0.34128692925849136,518.0,336.10302740859566,12.749518637148244,0.34671088017119167,505.0,410.28023462094785,12.558214532419022,0.17944574776015948
1118849048.5,510.0,396.43151021296563,13.535659117526816,-0.5868422127654903,512.0,378.7901096862391,13.56139590240981,-0.3575919597341696,518.0,337.3796877474213,12.783688139336295,0.31168528665994827,505.0,411.5370038504788,12.577170058199487,0.22035754721728967
1118849048.6,510.0,397.78214896259357,13.47711587504819,-0.553794563696691,512.0,380.1444639510278,13.525689393374925,-0.3726734484399152,518.0,338.6596089199274,12.814735310813065,0.28654814907294235,505.0,412.7958619280057,12.59999149232171,0.2609841292861047
1118849048.7,510.0,399.1271114948577,13.422134770212965,-0.5099630135156771,512.0,381.4951761598179,13.488554782449812,-0.38371481846257066,518.0,339.94257034183283,12.844493127289388,0.31652916831912825,505.0,414.05714708029853,12.625711553526179,0.28149437200481153
1118849048.8,510.0,400.4667644554397,13.37092444141232,-0.47338651115770086,512.0,382.842107852226,13.450079065688724,-0.3969109955636836,518.0,341.228591519987,12.875930435770236,0.3519163894408513,505.0,415.3210547935774,12.652442712045861,0.2588779331162232
1118849048.9,510.0,401.80148553717737,13.323497193377172,-0.4373196472333591,512.0,384.18512922453294,13.410348380414495,-0.4091766135787831,518.0,342.51797328084035,12.911704781330135,0.4087467692974929,505.0,416.58761673568745,12.678796130181482,0.25082426321002
1118849049.0,510.0,403.13165148705906,13.279821804278116,-0.40134267180157635,512.0,385.52411986374017,13.36946440375197,-0.4203098846449635,518.0,343.8112019689666,12.952868981170543,0.46651984389880075,505.0,417.8567573037685,12.704015231452091,0.23693907894351413
1118849049.1,510.0,404.4576392565667,13.239933585842126,-0.3596813566418881,512.0,386.85897026148945,13.327543551224831,-0.42886166167442985,518.0,345.10878863524397,12.998864344384996,0.49034393568610124,505.0,419.1283331400357,12.727501493875053,0.21730937865147035
1118849049.2,510.0,405.7798329874811,13.203941032420579,-0.3221342751816917,512.0,388.18958497096844,13.28475063839702,-0.4366265466182494,518.0,346.41114832731085,13.048329496940163,0.517979658913579,505.0,420.4021501036011,12.748837777437961,0.20575410116444065
1118849049.3,510.0,407.0986273061452,13.171945340867156,-0.2839678370145028,512.0,389.51588853607814,13.24132066379598,-0.44174625905863746,518.0,347.7185633312005,13.099970580837011,0.5346992605702977,505.0,421.6780035540339,12.76823123121567,0.18929933196096171
1118849049.4,510.0,408.41441252974045,13.14375913107906,-0.24997034209491123,512.0,390.83781953825604,13.197299379717526,-0.44858580216644894,518.0,349.0312199625211,13.153162045616458,0.54958343538694,505.0,422.95575854622723,12.786868612626858,0.19035256477431794
1118849049.5,510.0,409.72751839653336,13.11835820474883,-0.25419733895522356,512.0,392.15528258345375,13.151961524273041,-0.4849735518063967,518.0,350.34928431347373,13.208124973440702,0.564879319687542,505.0,424.2354265916998,12.80649229686069,0.20939076697108108
1118849049.6,510.0,411.038113774554,13.093549355701484,-0.26249696832006375,512.0,393.46805885045677,13.103563815750157,-0.5285630025835453,518.0,351.67296456588133,13.265480074652595,0.5921302858353621,505.0,425.5171670792414,12.828317453925058,0.23110508387555503
1118849049.7,510.0,412.34612694951966,13.066714143593382,-0.29640043576105174,512.0,394.7757441053518,13.0501412821855,-0.590202580508152,518.0,353.00250554762516,13.325339560267242,0.6153996177724802,505.0,426.80120387675885,12.85241849643304,0.2513014610997429
1118849049.8,510.0,413.65128522893116,13.036451444658539,-0.3338812928506279,512.0,396.0777903373039,12.990783356857412,-0.6528609642113007,518.0,354.3381049701177,13.386648889544341,0.621377606623241,505.0,428.08772447051155,12.877993378611057,0.26060546348903685
1118849049.9,510.0,414.9532908312231,13.003660601160133,-0.3212439856783332,512.0,397.37364458086586,12.926301514362121,-0.6511576047674995,518.0,355.67981259741487,13.447503656432565,0.4492271632317964,505.0,429.3768135477562,12.903788166307292,0.2557030906657261
1118849050.0,510.0,416.2520183678568,12.970890131493869,-0.3068894806861804,512.0,398.6629219335155,12.85924553861134,-0.6598034411607949,518.0,357.0275034597763,13.506313590786561,0.4298850260699748,505.0,430.66841240426277,12.928188963838068,0.2265350331418614
1118849050.1,510.0,417.5475811964334,12.940366440052564,-0.27817848771718356,512.0,399.94554289752426,12.793173741607259,-0.6319166648705598,518.0,358.380964796195,13.562913137607623,0.41618549017665135,505.0,431.96229857958406,12.949534542588664,0.18939284695590444
1118849050.2,510.0,418.8402386963761,12.912783558796015,-0.2505210088862332,512.0,401.22174968679315,12.730962043746738,-0.5843375404120145,518.0,359.73719441314256,13.561679201342931,0.41938774699594,505.0,433.2581366690203,12.967227246098496,0.15535717130410753
1118849050.3,510.0,420.13027673955924,12.887977304863323,-0.2035451884769954,512.0,402.491976788443,12.673579989241011,-0.5280157949173105,518.0,361.0962269831644,13.618972199080009,0.5988411246365349,505.0,434.55564459133325,12.98293120018742,0.15064120005312118
1118849050.4,510.0,421.4179828280982,12.866144465949947,-0.17510726143399755,512.0,403.7566871978894,12.620628199702892,-0.4889460856194549,518.0,362.4611601574613,13.679691286872284,0.639829562544058,505.0,435.85481023079313,13.000381588983572,0.2189790322745625
1118849050.5,510.0,422.7036978788606,12.848156549289763,-0.13686172891061266,512.0,405.01629881633556,12.571604169206806,-0.45258149408421855,518.0,363.8323553663338,13.744212890546471,0.6764125298027666,505.0,437.15600891200245,13.023592035205725,0.30395327328109506
1118849050.6,510.0,423.98785664930955,12.835018859690976,-0.09098854619504343,512.0,406.2711988083096,12.526395670274429,-0.41566716175037705,518.0,365.21014509981967,13.811581779198569,0.697914236877259,505.0,438.459943441323,13.055098551216737,0.4058898249505874
1118849050.7,510.0,425.27097394391416,12.827327032361652,-0.0858490863827137,512.0,407.5217715386023,12.485058935603885,-0.37072507151897915,518.0,366.59473778600494,13.88027194446605,0.68462747537883,505.0,439.76747035629694,13.095439748290048,0.5029990000426305
1118849050.8,510.0,426.5536054018181,12.82530212572238,0.01476462256278045,512.0,408.7684051924166,12.447614140684896,-0.33416269591296976,518.0,367.9862012837481,13.948998010394849,0.680033235738974,505.0,441.079420528813,13.143563702038444,0.5164517767841739
1118849050.9,510.0,427.8363295205374,12.829180248675147,0.12137710633251403,512.0,410.01148713195266,12.414024650048122,-0.29815004916531485,518.0,369.38450294040103,14.017035122723279,0.6709472523438286,505.0,442.3964688461929,13.197402645536535,0.5613429190406481
1118849051.0,510.0,429.1197519666069,12.839268672740067,0.2327775996321976,512.0,411.25140325103035,12.384297731478872,-0.2614508595390495,518.0,370.78955658961655,14.084037861536329,0.6594941742060154,505.0,443.7190447148525,13.254114727633963,0.5739687587596095
1118849051.1,510.0,430.4044971030754,12.855634056576141,0.21326190707550918,512.0,412.4885486410049,12.358610067990263,-0.20891990038652444,518.0,372.20124759060377,14.149782158232812,0.6404270412969072,505.0,445.047275336994,13.310497715216584,0.5547548194333207
1118849051.2,510.0,431.69117784623404,12.877980806637959,0.2763072664193478,512.0,413.7233389250348,12.337195612653508,-0.17025793043802637,518.0,373.6194390966881,14.214047963461097,0.6247400503445938,505.0,446.3810109992283,13.36421552944022,0.5181406580193303
1118849051.3,510.0,432.98036894041667,12.905841076973351,0.3340512637349212,512.0,414.9562015841692,12.32005757003236,-0.13319904399776172,518.0,375.0439713114493,14.276596331723786,0.6066167634496743,505.0,447.71997636481876,13.415091782415018,0.4955037340087659
1118849051.4,510.0,434.27260241366366,12.938828387967924,0.38862968695237105,512.0,416.1875497537402,12.306905821331855,-0.09967410011880631,518.0,376.4746602459153,14.33718235761171,0.5861084485731537,505.0,449.06397672047234,13.464915330643617,0.4971668598311517
1118849051.5,510.0,435.56838678651036,12.976859068994376,0.44071643432911145,512.0,417.41776529332964,12.297404970496137,-0.01111505749215572,518.0,377.9112979332265,14.395571388599254,0.5566995435032633,505.0,450.4129924055588,13.515398371092637,0.5086432745948382
1118849051.6,510.0,436.8682538100405,13.020481401582698,0.5067336771094982,512.0,418.64720787652334,12.29144669337688,-0.005990445508817609,518.0,379.3536537941184,14.451545829257007,0.5322008982329922,505.0,451.76707037321955,13.566160982085647,0.4759913036299638
1118849051.7,510.0,438.1728390413851,13.071223225330588,0.5953473834845078,512.0,419.8762384710181,12.289165196495402,-0.0005594599373614536,518.0,380.80147614995474,14.50490128745397,0.5057510905140719,505.0,453.1261189107655,13.614809768835467,0.44170869991194234
1118849051.8,510.0,439.48296315946027,13.131259136169147,0.708595506298856,512.0,421.10523252763716,12.290715935899183,0.0050114478182006,518.0,382.25449154582526,14.55540662995534,0.47675608800385655,505.0,454.4898015725408,13.658843466690577,0.3889332827005159
1118849051.9,510.0,440.79962603472467,13.20199836911656,0.7727556355304193,512.0,422.3345753053816,12.296139618984132,0.08428777963392843,518.0,383.7123974848533,14.602712150624669,0.4402992906069017,505.0,455.85760528725456,13.697230827581956,0.33519744243172556
1118849052.0,510.0,442.1238522286556,13.28252550953901,0.8599113937690323,512.0,423.56465330846675,12.30542044272752,0.1283944392346744,518.0,385.17485157800587,14.646369712416307,0.4028588872069489,505.0,457.22898403138004,13.730344054953042,0.28535232762745355
1118849052.1,510.0,443.4564475305584,13.369380528486152,0.9010517426371046,512.0,424.7958517308098,12.318548004115069,0.1724408057215782,518.0,386.6414810672668,14.686220072788059,0.366770836885613,505.0,458.60345091564477,13.758993630328655,0.24744862657885097
1118849052.2,510.0,444.79781935274923,13.4580559153189,0.8968188837467642,512.0,426.02855420960407,12.335501571793621,0.2160723792410871,518.0,388.1119384970923,14.722928523777869,0.3421792138450235,505.0,459.98058526694535,13.783693395669346,0.2118970485192333
1118849052.3,510.0,446.14797475524944,13.545052134684905,0.8462915554165419,512.0,427.26314224616345,12.356259159367251,0.2422170633614748,518.0,389.58598107195576,14.757922973479122,0.341110860079112,505.0,461.36000493611266,13.804699987672588,0.17876606313972052
1118849052.4,510.0,447.50667636762483,13.62898011283536,0.8146696247509599,512.0,428.500003316156,12.380962240525005,0.28594950179213496,518.0,391.0635006914801,14.792469417006334,0.3409662361342492,505.0,462.74137445857207,13.822690461539574,0.13467160746741885
1118849052.5,510.0,448.87363817515984,13.710256037875196,0.7938065872135626,512.0,429.7395517600899,12.41000663815085,0.33503699106800616,518.0,392.54446243564973,14.82676546639382,0.3361671353338376,505.0,464.1244567300439,13.838954967889828,0.12677326611047604
1118849052.6,510.0,450.2486514437826,13.790009334546797,0.7845363287137072,512.0,430.9822297418918,12.443552997895438,0.38220412903960505,518.0,394.02880588248246,14.860103470230934,0.3220508034493051,505.0,465.50865184265297,13.844947284273715,0.12375031764590544
1118849052.7,510.0,451.6316010377224,13.868982544294376,0.7655077863886998,512.0,432.2284473881825,12.480799927893376,0.3983620850983014,518.0,395.5164086798419,14.891952476978785,0.3158104022697869,505.0,466.89388580787266,13.859732020103229,0.11407255439163148
1118849052.8,510.0,453.0223947778972,13.946892259191232,0.7508746344907654,512.0,433.4784959824476,12.520171957393883,0.41133051540672394,518.0,397.0071447484547,14.922768895267675,0.31055483063470385,505.0,468.28050327068297,13.872617236101107,0.08234973417101699
1118849052.9,510.0,454.42086084685536,14.022429119968129,0.7193241457530345,512.0,434.732536755374,12.560643501165838,0.4209737863756791,518.0,398.5009728856276,14.953793848217899,0.32004901496238963,505.0,469.6682596344332,13.882510038956326,0.05826409544241396
1118849053.0,510.0,455.82667316059263,14.093817154787567,0.670124669514998,512.0,435.99071033289124,12.602828049150142,0.4465587434903372,518.0,399.99797418197414,14.986232078709142,0.3392806841014128,505.0,471.0568303833943,13.88890494025696,0.032631434878337084
1118849053.1,510.0,457.23934230172773,14.159565667909126,0.6046217317986148,512.0,437.25327785739506,12.648522440930483,0.49930424523834854,518.0,401.498311884421,15.020521970175592,0.34870902422477207,505.0,472.4458573742624,13.891634877096555,0.0061712057111845174
1118849053.2,510.0,458.6582732386796,14.219053071129581,0.5438207022953777,512.0,438.5206695375134,12.69931116146841,0.5581998246945588,518.0,403.00214501735735,15.05614068859365,0.3570977871818105,505.0,473.8349670622747,13.890558883121424,-0.03424846477352122
1118849053.3,510.0,460.0828708222692,14.272898600636376,0.495701744880658,512.0,439.7934233890248,12.7557658687221,0.6172793379100321,518.0,404.5095517748365,15.09199446099132,0.3533667633918731,505.0,475.22377223137966,13.885544498998291,-0.0794708312038729
1118849053.4,510.0,461.5126587564016,14.322860082011207,0.468836664510341,512.0,441.07208114959286,12.817389342669491,0.6658219848356917,518.0,406.02050167348744,15.127003511993072,0.34035911320692575,505.0,476.6118870798617,13.876752470668123,-0.11992021012156592
1118849053.5,510.0,462.9473449481157,14.370863752257623,0.4595635529140592,512.0,442.3570797657363,12.882582980198348,0.6479721176334411,518.0,407.53487561103367,15.16047523897613,0.31510858885530735,505.0,477.9989820108906,13.865146149869085,-0.14329509164716206
1118849053.6,510.0,464.38677913310846,14.417819947612042,0.4502394453164992,512.0,443.6486492562137,12.948806829305113,0.6439028979435797,518.0,409.05250521329145,15.192116806158696,0.2967523149059959,505.0,479.3848825895507,13.852865423346788,-0.06516287834764697
1118849053.7,510.0,465.8308369482281,14.463336354769543,0.4316668375079928,512.0,444.9467521466606,13.013250979652248,0.6132542872170488,518.0,410.5732013676217,15.221806280451988,0.27736048009194797,505.0,480.7696736688703,13.84295616306075,-0.04313846191414223
1118849053.8,510.0,467.27931490071626,14.50622269503847,0.39928040311308455,512.0,446.25110287208753,13.073763528895466,0.5672064010490693,518.0,412.09676415284565,15.24944942402789,0.25718190567495064,505.0,482.15372901599716,13.83815077948075,-0.009381046824329381
1118849053.9,510.0,468.73187297427654,14.544938776142786,0.3141306630818623,512.0,447.56128187606254,13.129816550582664,0.532944564328451,518.0,413.62299240244454,15.27511556792897,0.24733323165461268,505.0,483.53758840967896,13.839037094144727,0.01906785121020414
1118849054.0,510.0,470.18801558565224,14.577913451387847,0.2578803814114681,512.0,448.8769032046318,13.182610020805754,0.5100178533407699,518.0,415.151712984029,15.299296063754346,0.23628980501901423,505.0,484.92169046287347,13.843003969759193,-1.5205147318635328
1118849054.1,510.0,471.6471093255895,14.603961347341622,0.19397195862344527,512.0,450.1977216647544,13.233759181668825,0.5004603791006121,518.0,416.6828244280819,15.322932817334298,0.23645809171545168,505.0,486.3061319085819,13.845824944366905,-0.40968532078515024
1118849054.2,510.0,473.1084424492898,14.622701126661806,0.13110662555779654,512.0,451.5236131900623,13.284071324504476,0.49348212758168863,518.0,418.2163185667101,15.34694995519466,0.24389769702054792,505.0,487.6906825147894,13.84518717980068,0.8460640091888016
1118849054.3,510.0,474.57130989257314,14.63464773901024,-0.27273913404100897,512.0,452.85449210843836,13.333507043017812,0.48026011732708995,518.0,419.75224173699326,15.371513450469907,0.22601479667897265,505.0,489.07506213577415,13.842405239898072,1.057427263585815
1118849054.4,510.0,476.0350746287402,14.64064698432441,-0.10008695198925383,512.0,454.19024994148623,13.381649617919313,0.46514022039356967,518.0,421.29060288203766,15.395709450409454,0.21611310195249223,505.0,490.45919905235843,13.840333091771816,-0.020917056329387416
1118849054.5,510.0,477.49916805183926,14.641221477671271,0.06438477700863426,512.0,455.5307386231482,13.428124015319096,0.44750126351135383,518.0,422.8312834760872,15.417902430578396,0.18941408068069177,505.0,491.8432253861402,13.840193583869832,0.015376985763192874
1118849054.6,510.0,478.96305411052816,14.636499696090876,0.22905268945794016,512.0,456.87578937460904,13.472891013868294,0.431611156913561,518.0,424.3739931291621,15.436290630972417,0.14658924301485468,505.0,493.22729027615577,13.841104216477733,0.020785617477361608
1118849054.7,510.0,480.4262145391844,14.626708877053858,-0.1272560212093754,512.0,458.2252318412437,13.515958318832357,0.4093000719632308,518.0,425.918273989347,15.449326572702615,-0.5090297692231854,505.0,494.6114508586586,13.842107433550899,0.01905365542666414
1118849054.8,510.0,481.8881885312377,14.61277096397218,-0.16327025845471602,512.0,459.578864298649,13.556690829269526,0.38126850471013507,518.0,427.4635422089746,15.456037819864072,-0.17235322637117048,505.0,495.9957443809372,13.843763012005597,0.027570469319988924
1118849054.9,510.0,483.3486397019831,14.59625245093676,-0.18104686489335228,512.0,460.93640812816653,13.594185761106608,0.34646260188695166,518.0,429.0091561550186,15.456241101002055,0.1517143931663962,505.0,497.38031794742085,13.847708317709442,0.06494193413142117
1118849055.0,510.0,484.8073867236846,14.578687983122316,-0.18507247151671363,512.0,462.29755324335423,13.628716542649226,0.3237379460927677,518.0,430.5544924809718,15.450485418036937,0.4326515832505573,505.0,498.7654592171541,13.855117076955406,0.10878405211140223
1118849055.1,510.0,486.26437333861384,14.56104431544646,-0.26056376424378414,512.0,463.6620908320506,13.66203523129769,0.32909744201552427,518.0,432.098997995411,15.439624870784888,-0.1400347774540206,505.0,500.1515015749424,13.865730078802073,0.14007734985959952
1118849055.2,510.0,487.71960803098546,14.543649532024617,-0.25655174169871225,512.0,465.0299785497053,13.695719121755946,0.33713664035891816,518.0,433.642203095555,15.424477132098604,-0.181401255225403,505.0,501.53868309851134,13.87790039254783,0.09888217071997729
1118849055.3,510.0,489.17310763660123,14.526342580297069,-0.2579526865479057,512.0,466.40124475794613,13.729605043101447,0.33309341341095483,518.0,435.18372345348445,15.405930026491685,-0.21216957190887875,505.0,502.9270457614818,13.889352866899934,0.08387225835304447
1118849055.4,510.0,490.6232056819284,14.475618326220895,-0.27110151078482003,512.0,467.77584382109916,13.762376219946963,0.31508809522591014,518.0,436.7232764085731,15.385129075253303,-0.2292280109578123,505.0,504.3164225584503,13.898183072440787,0.057036956773950556
1118849055.5,510.0,492.0698079654943,14.456427345118922,-0.20839443145907102,512.0,469.1536364716186,13.793476790398817,0.30093482274415795,518.0,438.260699937797,15.36334150923027,-0.21172388438316508,505.0,505.706498816369,13.903342085906282,0.02528870766100981
1118849055.6,510.0,493.51437323838485,14.43487811268854,-0.23657085198348804,512.0,470.53449943102305,13.823782397735409,0.300246841938706,518.0,439.7959472952911,15.341605640683046,-0.2072055665403562,505.0,507.0968863407567,13.904408401898634,-0.012846367700243543
1118849055.7,510.0,494.95665470892004,14.410751297984074,-0.2616183516556405,512.0,471.91841383512775,13.854505684361621,0.309220455427229,518.0,441.32905998151983,15.320648083879401,-0.1967229788216826,505.0,508.4871729773382,13.901324329736173,-0.06357585666925868
1118849055.8,510.0,496.3964332555538,14.384819634719701,-0.27383876645010297,512.0,473.3054237730667,13.885693074418334,0.30945340459988185,518.0,442.86014864910015,15.30112526769643,-0.17955288272247333,505.0,509.876961606872,13.894448260915171,-0.10681071230175934
1118849055.9,510.0,497.83359349253976,14.358385104964096,-0.2674726852271753,512.0,474.69548154393266,13.915462342869823,0.22343574153722573,518.0,444.38939596138334,15.283820977983513,-0.1411351073970377,505.0,511.2659088394743,13.884496391120264,-0.13979312389348933
1118849056.0,510.0,499.26813393246,14.332423693436558,-0.2596722974544905,512.0,476.0882886976453,13.940680731369415,0.1742218353127292,518.0,445.9170681558839,15.269622912007266,-0.10971210822124078,505.0,512.6537389488225,13.87210579584215,-0.1452500424932686
1118849056.1,510.0,500.7001024023421,14.30694570424347,-0.257656822254836,512.0,477.48325131889254,13.958571693571233,0.10789280800833839,518.0,447.44350249115644,15.259063793445506,-0.07684326453366527,505.0,514.0402159902607,13.85743503296111,-0.17048306607626146
1118849056.2,510.0,502.12949734313094,14.280953111514846,-0.2701212929394859,512.0,478.8795830334249,13.968062597113441,0.04176503808151477,518.0,448.9690375624831,15.251637633089787,-0.05435993251300445,505.0,515.4251006997146,13.840259156102485,-0.1991632186438108
1118849056.3,510.0,503.556189638465,14.252892795176509,-0.3164918631047848,512.0,480.27649585753926,13.970193885163777,-0.012016866368811116,518.0,450.49390024097414,15.245615936717,-0.06981751416567701,505.0,516.8081314959771,13.82035676916512,-0.22916096235832462
1118849056.4,510.0,504.9798912088129,14.22113861178382,-0.3645327829998532,512.0,481.67339582681427,13.967805500366422,-0.043460979576387296,518.0,452.018111991749,15.238619078811926,-0.09606360079014167,505.0,518.1890343377819,13.797700066884985,-0.2507173735541913
1118849056.5,510.0,506.40016425146354,14.184322241242576,-0.4250594231251848,512.0,483.0700161885195,13.964601733693208,-0.03095670811662108,518.0,453.5414709261995,15.228559610181359,-0.14242571754998423,505.0,519.5675382742478,13.772378662419356,-0.27794782697622294
1118849056.6,510.0,507.8164651183431,14.141695096302808,-0.48915512108384696,512.0,484.4663846048551,13.962766593058562,-0.011670279598192295,518.0,455.06360892852655,15.214200436343798,-0.19800077078729397,505.0,520.9433823715569,13.744503283789754,-0.30403974220111313
1118849056.7,510.0,509.22821831696467,14.09336887614513,-0.5213967471223577,512.0,485.86254210459845,13.960383401797786,-0.060899331204918125,518.0,456.58406820916144,15.194985176387705,-0.22891072190792594,505.0,522.3163167311386,13.714183907830993,-0.328974077903461
1118849056.8,510.0,510.63489178484855,14.040100481541373,-0.5669952226984607,512.0,487.25817416938463,13.952257893941544,-0.20220427700007026,518.0,458.1023533516616,15.170717673629428,-0.2824384996599139,505.0,523.6861025347711,13.681532164821489,-0.3478883714644401
1118849056.9,510.0,512.0360404870839,13.98287356315548,-0.602278206548813,512.0,488.6509453802034,13.903166322414384,-0.35947052945928126,518.0,459.6179762184733,15.141739662609806,-0.32816752458068466,505.0,525.0525127802036,13.646672743849578,-0.3699125702218076
1118849057.0,510.0,513.4313289736658,13.922896168470235,-0.6231935808361235,512.0,490.04007826915586,13.879491456600645,-0.40887100921676167,518.0,461.13053224218316,15.109380811572768,-0.35367738766467866,505.0,526.4153342348125,13.609756348300836,-0.3902441607198418
1118849057.1,510.0,514.8205729071104,13.86198250042457,-0.595946055459457,512.0,491.4269147863404,13.857238887109684,0.05383173135204988,518.0,462.63978457091355,15.075665763006384,-0.3398721513494549,505.0,527.7743661337531,13.57088163055418,-0.4102369783335515
1118849057.2,510.0,516.2037929785798,13.802418928958119,-0.5712029678860766,512.0,492.8119396076939,13.843257539984782,0.024129348790882812,518.0,464.1456728590649,15.042100000024933,-0.3339532730816928,505.0,529.1293954131206,13.529703956747529,-0.45167350294491976
1118849057.3,510.0,517.58120576497,13.745836798850043,-0.5375246699727741,512.0,494.19611543190666,13.840258944242164,-0.007408945462220664,518.0,465.6482212479342,15.008867777392025,-0.33317640106851293,505.0,530.4801238593749,13.484864968381316,-0.5011718656051374
1118849057.4,510.0,518.9531066850977,13.69218160373919,-0.5138496353159643,512.0,495.58050171423145,13.847466702274625,-0.03278207451597415,518.0,467.1474311858639,14.975330981170869,-0.3400675219217783,505.0,531.8260756548868,13.434170941810985,-0.5760952671014565
1118849057.5,510.0,520.3197222736624,13.640130167561132,-0.5080135933156906,512.0,496.9659258440035,13.86101589312617,0.11301634858397863,518.0,468.64324567633616,14.940958828264225,-0.3539298883649016,505.0,533.1665836451227,13.375988862924432,-0.6602957938853017
1118849057.6,510.0,521.6811596304257,13.588616967684816,-0.5052069118249368,512.0,498.3527291283868,13.875049794540404,0.0937675403948709,518.0,470.13557085417915,14.90554472860822,-0.3650939239160888,505.0,534.5009221039588,13.310780313793831,-0.6505365250408182
1118849057.7,510.0,523.0374835657033,13.537861737868967,-0.49310497165410716,512.0,499.74072666538086,13.884900945372797,0.0513852022324057,518.0,471.6242986736178,14.869011660165292,-0.3766486701718821,505.0,535.8285430795696,13.241639198439925,-0.6670856917274641
1118849057.8,510.0,524.3888228473973,13.48892389601943,-0.46946044766208844,512.0,501.1294207598977,13.888980944976632,0.008731949812705324,518.0,473.1093164781731,14.831344430935106,-0.38812115377387124,505.0,537.1493135974381,13.173771158918992,-0.6262755192323248
1118849057.9,510.0,525.7353966209561,13.44255157511546,-0.446064320246958,512.0,502.51825510700985,13.887705997228569,-0.04548311262079314,518.0,474.5905126729513,14.792579464641559,-0.39601812712121476,505.0,538.4636458440206,13.112873772742487,-0.5342459528119488
1118849058.0,510.0,527.0774559429188,13.398634864172111,-0.424415623407975,512.0,503.9067275764876,13.88174339234985,-0.09973169602313045,518.0,476.0677822247167,14.752811570692236,-0.405495823967426,505.0,539.772437829904,13.062965944912582,-0.36827677415520665
1118849058.1,510.0,528.4152124147879,13.356494573205019,-0.41085362418985044,512.0,505.2943839310144,13.871383698185115,-0.15257095296153023,518.0,477.54102921864865,14.712128307911053,-0.4144672029015975,505.0,541.0768528321249,13.025334099513463,-0.26531154761269365
1118849058.2,510.0,529.7488000741951,13.315258614940143,-0.4064907045619017,512.0,506.68078399335934,13.856617548727948,-0.20704763848526717,518.0,479.01016728656117,14.67063305033005,-0.4218614168028165,505.0,542.3780719147474,12.999047552958695,-0.1772617235110861
1118849058.3,510.0,531.078251462335,13.273769147874772,-0.42664280822722717,512.0,508.06547600365684,13.83722265721949,-0.23079959956847032,518.0,480.4751386994532,14.628795207562245,-0.40077184119172043,505.0,543.6771157137539,12.981828427121657,-0.11264797732063567
1118849058.4,510.0,532.4034666722172,13.230535049776536,-0.45248773018517924,512.0,509.44799459739085,13.813149217427974,-0.2792471317211108,518.0,481.9359709993363,14.587850790061232,-0.38411090150646904,505.0,544.9747379422421,12.970616142652606,-0.07811984394665158
1118849058.5,510.0,533.7242163867633,13.184459241097766,-0.4844267024802601,512.0,510.8278986168255,13.784931171255096,-0.31861185056490204,518.0,483.3928385606839,14.549500436926492,-0.35104500469426997,505.0,546.2713929258352,12.962483529235671,-0.062388182135089607
1118849058.6,510.0,535.0402345912763,13.135904849153608,-0.5028877231647265,512.0,512.2048206772059,13.753510036397437,-0.3471113392393428,518.0,484.84605653729636,14.514859095275943,-0.31301112077772764,505.0,547.5673121084119,12.955900122284138,-0.051354039243122554
1118849058.7,510.0,536.3513860663053,13.087124651469027,-0.4277535843427515,512.0,513.5784784622812,13.719645665110109,-0.3605956548136732,518.0,486.2959945580972,14.483901320745225,-0.28925104109822924,505.0,548.8626527723466,12.950913156444608,-0.03480629942394377
1118849058.8,510.0,537.6578295434756,13.04174489194565,-0.379402855916415,512.0,514.948628588041,13.68335685005916,-0.38795485010471953,518.0,487.7429842257753,14.455892032812834,-0.2645553927770289,505.0,550.1575958954803,12.947949306177735,-0.02685861880070241
1118849058.9,510.0,538.9600877054523,13.003418347594604,-0.30230011983156674,512.0,516.3150045526085,13.644162441299851,-0.42053102703319245,518.0,489.1872728854665,14.429881161014299,-0.24973787263911296,505.0,551.4523143287988,12.946419360188285,-0.016430110850790963
1118849059.0,510.0,540.2589767764422,12.974363072199669,-0.21449752089672913,512.0,517.6773143980488,13.602034467535574,-0.4484672025364757,518.0,490.6290006463121,14.404674055934954,-0.24866312227385354,505.0,552.7468473269422,12.944240602739786,-0.0452162758936707
1118849059.1,510.0,541.5554313922207,12.954729243370284,-0.14323779326915168,512.0,519.0353106610095,13.557890791661285,-0.45059948383626225,518.0,492.06816837800386,14.378680577866419,-0.28033100976338443,505.0,554.0409973244304,12.938759346992182,-0.10987194280428522
1118849059.2,510.0,542.8503051391833,12.942745695862476,-0.08338041763764208,512.0,520.3888614598491,13.513125185094705,-0.44980579998030873,518.0,493.50462101661736,14.350372194400476,-0.31113178620313225,505.0,555.334340872346,12.928111611342786,-0.15110897035777296
1118849059.3,510.0,544.1442041397571,12.935234315624946,-0.058665629223856444,512.0,521.7379492782421,13.468631182767774,-0.44513649760066953,518.0,494.938088593584,14.318979344969799,-0.3447764722099904,505.0,556.6263298229143,12.911667399970536,-0.21622774049889698
1118849059.4,510.0,545.4373894643713,12.928472176620657,-0.06921168273701747,512.0,523.082587691508,13.424137082575447,-0.4498077684231547,518.0,496.3682660038295,14.28456885994732,-0.37418092450759766,505.0,557.9163907802146,12.889551746068104,-0.277799694387766
1118849059.5,510.0,546.7297770577541,12.91927969108354,-0.12371881971992614,512.0,524.4227123374693,13.378355836677253,-0.483901102061556,518.0,497.7948763747575,14.247638558598004,-0.3820605472722088,505.0,559.2039754860124,12.862142369898184,-0.33448081338352253
1118849059.6,510.0,548.0210338723366,12.905856600527235,-0.17644660813233876,512.0,525.7581229916251,13.329857246407316,-0.5182530746608313,518.0,499.21769475524155,14.20872905105058,-0.3994696568565891,505.0,560.4885900989827,12.83014988948,-0.35205041483131866
1118849059.7,510.0,549.310719216977,12.887850292265655,-0.22620814568287656,512.0,527.088510154374,13.277886008574841,-0.5556584096388489,518.0,500.63654854642334,14.16834677257982,-0.41164239070580977,505.0,561.7698397153323,12.79484243755049,-0.3783057645251432
1118849059.8,510.0,550.5983930553991,12.865626476198333,-0.2707579762681893,512.0,528.4135241487136,13.222393878199071,-0.5910072959367327,518.0,502.0513299014951,14.127280328863991,-0.41321169157633253,505.0,563.047455709219,12.757477440181512,-0.39461199727075114
1118849059.9,510.0,551.8836527060147,12.83956653610319,-0.2843246312940619,512.0,529.7328175350441,13.163473848447444,-0.6161469219929351,518.0,503.46204392443633,14.087000129956916,-0.5415859879496779,505.0,564.3212402424241,12.718213223881257,-0.41759226656946324
1118849060.0,510.0,553.1661364471126,12.810108285875891,-0.31600175664500474,512.0,531.046037647796,13.100928406596804,-0.6549260857611662,518.0,504.8688598936445,14.049319254233291,-0.49390849273355,505.0,565.5909455958739,12.675893845160326,-0.4562854082260275
1118849060.1,510.0,554.4455483189599,12.778129151054355,-0.33569745660353983,512.0,532.3528167419348,13.034653476139452,-0.6919390526498885,518.0,506.269277265106,13.959028174993774,-0.43982044448472185,505.0,566.8561999545824,12.629193328987078,-0.5065264204754077
1118849060.2,510.0,555.7217027751021,12.74495997180068,-0.34025353908094164,512.0,533.652830205668,12.965615798554063,-0.7110717168055036,518.0,507.66364985816466,13.928423686199602,-0.4046032917949141,505.0,568.1165541305193,12.57789018975217,-0.5511764349196951
1118849060.3,510.0,556.9945477135789,12.711938797740837,-0.3200081624393197,512.0,534.9459142691326,12.896065470726503,-0.6823597792826843,518.0,509.0550214578879,13.899008308260619,-0.3081973966863188,505.0,569.3716045485353,12.5231181705525,-0.5780433743782777
1118849060.4,510.0,558.2641407411634,12.679921753911737,-0.30760842856420556,512.0,536.2321307184766,12.828263516142945,-0.656306564694949,518.0,510.4433834256064,13.868231046074927,-0.3348278241333492,505.0,570.6210949911292,12.46669068136039,-0.5778404320868809
1118849060.5,510.0,559.5305944560812,12.64915254448142,-0.2955473916174073,512.0,537.5116953911175,12.763029936689644,-0.6316503658645984,518.0,511.82851797305494,13.834459902922525,-0.37074815114015935,505.0,571.86492272081,12.409863912242644,-0.5787964895236969
1118849060.6,510.0,560.7940309676467,12.619577686847956,-0.284196054604783,512.0,538.7848315936,12.699694112973514,-0.6188377077850881,518.0,513.2101088561151,13.797357758273673,-0.40442199270666107,505.0,573.1030338418691,12.352358508899378,-0.5916531723445181
1118849060.7,510.0,562.0545699916923,12.591202794018258,-0.2788054573542709,512.0,540.051673800697,12.637150028963775,-0.6202101346429192,518.0,514.5878361826178,13.757188771793986,-0.4266550218347521,505.0,574.3352858974647,12.292682603027078,-0.622974319840967
1118849060.8,510.0,563.3123258665744,12.563914703614369,-0.2694447447992015,512.0,541.3122685131505,12.574744220104767,-0.6202999388135457,518.0,515.9614061140795,13.714209857453659,-0.4544294568724959,505.0,575.5613982396135,12.229564239980784,-0.6579032233417309
1118849060.9,510.0,564.5673757064823,12.537082094587666,-0.26965429457826445,512.0,542.5666335412963,12.51255634281669,-0.6158780650166679,518.0,517.3305498290342,13.668664441631684,-0.47926930152858327,505.0,576.7810308082683,12.163087133082513,-0.6873496595862048
1118849061.0,510.0,565.8197191809065,12.509787393850326,-0.2787287170382059,512.0,543.8148187952961,12.4511487371308,-0.6047896073196535,518.0,518.695024972614,13.62083842996604,-0.5011825596656135,505.0,577.9939043265672,12.094383232894447,-0.7029653542393495
1118849061.1,510.0,567.0692855242295,12.48153947264129,-0.29367344048735,512.0,545.0569278448704,12.391032254384509,-0.5852165105177649,518.0,520.054618651004,13.571035137803822,-0.5149149475043441,505.0,579.1998488735334,12.024507706434209,-0.7110590791725845
1118849061.2,510.0,568.3159867448582,12.452484939901915,-0.2999056169304971,512.0,546.293105931224,12.332529472695363,-0.5678639592750374,518.0,521.4091485684208,13.519563210537306,-0.530354251039885,505.0,580.3987560842719,11.953636508346785,-0.7121580086566291
1118849061.3,510.0,569.55974963082,12.422772779385559,-0.30710866174916157,512.0,547.5235320573163,12.275993049163558,-0.5464599057486799,518.0,522.7584598012423,13.466661445910994,-0.5439514540139002,505.0,581.5904889145094,11.881020096400187,-0.7350672757235517
1118849061.4,510.0,570.8004868306563,12.391971217340057,-0.3221619009540398,512.0,548.7484096502242,12.22155880897407,-0.5264302618336613,518.0,524.102411179602,13.412366121270567,-0.5586540532127731,505.0,582.7748449700658,11.806101014709123,-0.7580495886239893
1118849061.5,510.0,572.0380481170548,12.359254510629178,-0.3643512238417226,512.0,549.967909350207,12.168435190646969,-0.5398434479887003,518.0,525.4408418690283,13.356247667226725,-0.5915454080017114,505.0,583.9516697629973,11.730394843943417,-0.7507537463067419
1118849061.6,510.0,573.2721901526459,12.323586201184279,-0.4024747206506303,512.0,551.1820714023403,12.114805852049727,-0.5561956732964901,518.0,526.7735185422777,13.297285797762223,-0.627612019535642,505.0,585.1210911875147,11.658033646415719,-0.6417865738909572
1118849061.7,510.0,574.5025392262339,12.283395270560042,-0.4615821638951488,512.0,552.3907570890475,12.058907882079279,-0.586208158087119,518.0,528.1000964681178,13.234272719050871,-0.675312457599202,505.0,586.2836608499197,11.59335960168058,-0.55468376484424
1118849061.8,510.0,575.7285438675344,12.236697555456914,-0.5423627958440692,512.0,553.5937066702107,12.000083741176866,-0.6159987195557058,518.0,529.4201361701597,13.16652132181446,-0.7255864609210343,505.0,587.4402333615371,11.538090630629991,-0.4677926363963186
1118849061.9,510.0,576.9494876163162,12.182177420206003,-0.6095352210703812,512.0,554.7906413868054,11.938610590754179,-0.6314100531199844,518.0,530.7331743378825,13.094242032620967,-0.7462948104835107,505.0,588.5917126059899,11.491494258453747,-0.3942406171270958
1118849062.0,510.0,578.1646062809817,12.120195873055287,-0.6802101662390031,512.0,555.9813182338097,11.874926349322012,-0.6519598867310483,518.0,532.0388057697336,13.018386604412758,-0.7759885244267907,505.0,589.738896483271,11.452183287189852,-0.37459787888224705
1118849062.1,510.0,579.3732349074891,12.052376657095708,-0.7310085750765984,512.0,557.1655291249738,11.809291473970365,-0.6707193842763145,518.0,533.3367444977168,12.940387955262254,-0.7893054374152054,505.0,590.8824314662102,11.418516371595192,-0.3260177342392783
1118849062.2,510.0,580.5748503900527,11.979932994201928,-0.7764381466040179,512.0,558.3431048160497,11.742222347541134,-0.6808630294521534,518.0,534.6268614007432,12.861950105240204,-0.7848025036407669,505.0,592.0227283829163,11.3874219625013,-0.3210634761179764
1118849062.3,510.0,581.7689699502283,11.902458209307012,-0.8264807710062865,512.0,559.5139717011967,11.67511535539624,-0.6647424825652842,518.0,535.9091890512558,12.784602905024363,-0.7612053459855013,505.0,593.1597891504596,11.353793388341343,-0.37875424366244476
1118849062.4,510.0,582.9550130854129,11.818404494384389,-0.9032615950815412,512.0,560.678210018399,11.609650988644034,-0.6412588421264869,518.0,537.1838736968542,12.709090006912671,-0.7419359055893013,505.0,594.2930858175696,11.312139953899655,-0.6014636664352794
1118849062.5,510.0,584.1322743729726,11.726821256779465,-0.9814309048811631,512.0,561.8360002766264,11.54615417590601,-0.6254901644513353,518.0,538.4510857508559,12.63515107317283,-0.7298743967707244,505.0,595.4189877229246,11.205898153195264,-0.7665251262473236
1118849062.6,510.0,585.3000601110281,11.628893504362269,-1.0338254383717413,512.0,562.9874636954912,11.483114201368062,-0.6321450093028523,518.0,539.7109411809342,12.561957528398363,-0.7270983754404231,505.0,596.5362852603026,11.140052594339506,-0.9300857934164795
1118849062.7,510.0,586.4579027031655,11.52795833837293,-0.9990309630684401,512.0,564.1325569908363,11.418751705551621,-0.6479584462012575,518.0,540.9634686324889,12.48859150264576,-0.7482893922967033,505.0,597.646413699635,11.062516192355503,-1.0677574713920068
1118849062.8,510.0,587.605696086361,11.427909325519138,-0.9724769483637048,512.0,565.2711350695984,11.352809869663274,-0.659666024258152,518.0,542.2086003083775,12.414042015120152,-0.7659921367204472,505.0,598.748317346663,10.975556748150543,-0.9326174044172341
1118849062.9,510.0,588.7436584947385,11.331338842082387,-0.9304850767044361,512.0,566.4031055407831,11.286599554035044,-0.6532823907488351,518.0,543.4461658679136,12.337269175656893,-0.7934510813100519,505.0,599.8411636293023,10.881368904667596,-0.9971225146448679
1118849063.0,510.0,589.8721581821685,11.238654906457668,-0.8958908877819602,512.0,567.5285245014652,11.221779659610007,-0.6320940168208985,518.0,544.6759159112737,12.257731691499513,-0.8221487990062926,505.0,600.9243050006754,10.781458522787931,-1.0498619486618297
1118849063.1,510.0,590.9914994250289,11.148169950781094,-0.9259009940980949,512.0,568.6475860653321,11.159451617748708,-0.5926372967055384,518.0,545.8975826639344,12.175603361712419,-0.8423632523013427,505.0,601.9972200090763,10.676841645254282,-1.0935501660957672
1118849063.2,510.0,592.1017556266396,11.056954081451085,-0.9500522920184474,512.0,569.7605528712497,11.099884500585826,-0.566606568768594,518.0,547.110924170172,12.091226763074589,-0.8640069688088853,505.0,603.059474168579,10.568241544768558,-1.1193907129856424
1118849063.3,510.0,593.2027086534881,10.962106455470648,-1.00059200864204,512.0,570.8676884278129,11.042826630672108,-0.5438044906359211,518.0,548.3157170439932,12.004630713357306,-0.887247797191419,505.0,604.1106835105717,10.455945295071885,-1.1567936565608603
1118849063.4,510.0,594.293888277889,10.861486032552273,-1.0687761222615937,512.0,571.9692521709578,10.988448232269954,-0.514461004899975,518.0,549.5117398791747,11.915825990239073,-0.9086735538624402,505.0,605.1504758523697,10.339901540894061,-1.1953506061067583
1118849063.5,510.0,595.3746444699694,10.753637809079061,-1.1490275708709465,512.0,573.065559616654,10.93770068164773,-0.44974330646005145,518.0,550.6987998889117,11.825374204495985,-0.9042628903999606,505.0,606.1784886208094,10.220353827941633,-1.2278170096628251
1118849063.6,510.0,596.4442107534427,10.637687860366102,-1.2351690004126459,512.0,574.1570335253239,10.891777491747785,-0.399772737729152,518.0,551.8767851020561,11.734330058413688,-0.9043574210698513,505.0,607.1944216295204,10.098306346236953,-1.235027697280727
1118849063.7,510.0,597.5017737251268,10.513571573362203,-1.31694619411611,512.0,575.2442184174705,10.851920351189124,-0.3375297112921966,518.0,553.0456830887117,11.643629674689718,-0.8974339441098094,505.0,608.1980895342955,9.975051749291866,-1.2412374444796888
1118849063.8,510.0,598.5465605297405,10.382164518915834,-1.3850838811977026,512.0,576.3277649237427,10.81900977423018,-0.2712708361231907,518.0,554.2055608768214,11.553926087495128,-0.8845557476293374,505.0,609.1894002121903,9.851161808568845,-1.247792167646716
1118849063.9,510.0,599.5779195129093,10.245015144419337,-1.4003802310131879,512.0,577.4083088635791,10.791869022487266,-0.2681108032698537,518.0,555.356572841404,11.466313204175092,-0.8076740923793846,505.0,610.1682683019717,9.726199987086313,-1.2627722271716701
1118849064.0,510.0,600.595365035909,10.103895315563976,-1.4313189685496026,512.0,578.4862046986076,10.766047678106741,-0.28677638149685863,518.0,556.4990407636204,11.383045240142149,-0.7532641026437362,505.0,611.1345594709552,9.59962339257909,-1.273539035643032
1118849064.1,510.0,601.5985822974013,9.960449914290496,-1.4470449811643522,512.0,579.5612922578425,10.735703506598822,-0.3653039925523418,518.0,557.6335495065821,11.30712961910024,-0.669847340748156,505.0,612.0881283489109,9.471754166542741,-1.2820025700127944
1118849064.2,510.0,602.5874101109046,9.816106355776613,-1.4493413199044234,512.0,580.6329758837958,10.697969012428876,-0.4455905499628693,518.0,558.7609631816999,11.241143883272024,-0.5671188391887735,505.0,613.0288955452229,9.343589759664203,-1.279438398193765
1118849064.3,510.0,603.5618257584097,9.67220659435616,-1.4241620925651237,512.0,581.7006388769045,10.655290849759059,-0.4637204530502743,518.0,559.8823465141973,11.18652276667911,-0.44249374297578853,505.0,613.9568685037625,9.215869411143807,-1.2731278028404378
1118849064.4,510.0,604.5219360025146,9.529998287702496,-1.4016440396426129,512.0,582.7639974374251,10.61188036068753,-0.45367685133882046,518.0,560.9988406829824,11.143360608970669,-0.34127089888395223,505.0,614.8721026049157,9.088812611910075,-1.2528374576973982
1118849064.5,510.0,605.4679500663699,9.390282989441419,-1.3746237880224266,512.0,583.8229801958648,10.567774808064785,-0.4784092861387501,518.0,562.1115162175274,11.110150081982711,-0.26178599568832406,505.0,615.7746779226144,8.96269374210328,-1.2411674696005068
1118849064.6,510.0,606.4001107621931,9.252930927009613,-1.3546844318997933,512.0,584.8772861572614,10.51834441990982,-0.5662070224569643,518.0,563.2212129767548,11.083785102511454,-0.2169652945626485,505.0,616.6647256206896,8.83826021940175,-1.2195096615377314
1118849064.7,510.0,607.318592066502,9.116695159143163,-1.3720239016422728,512.0,585.9261578526803,10.45908948846059,-0.6852479722316738,518.0,564.328415790553,11.060271173468022,-0.24872451877851506,505.0,617.5424676117473,8.716579601724428,-1.1867286793926244
1118849064.8,510.0,608.2234145702737,8.979754916304612,-1.3885000146872661,512.0,586.9685255297705,10.388264053344905,-0.8098006951132534,518.0,565.4332217428397,11.035847872282067,-0.27651257767918913,505.0,618.4082360060867,8.598788285087242,-1.10788456821956
1118849064.9,510.0,609.1144370985273,8.840695648775778,-1.4147404779787993,512.0,588.0032439715574,10.306104782360235,-0.9244930426531429,518.0,566.5354061811527,11.007840893945586,-0.3257935508006326,505.0,619.2624909094728,8.48630978261819,-1.048804750225398
1118849065.0,510.0,609.9914243982225,8.699050345103306,-1.4406308892574182,512.0,589.0292708978108,10.214433742722381,-1.010583888690066,518.0,567.6345424832841,10.974885148739748,-0.38293864685479406,505.0,620.1058581515274,8.381035058489502,-0.9697576243325168
1118849065.1,510.0,610.8541321970158,8.555105630786603,-1.4741017484229857,512.0,590.045796431376,10.11607692859177,-1.0245245092106467,518.0,568.7301304529268,10.936874244056726,-0.4054833616145139,505.0,620.939152827295,8.284858456853584,-0.8743552050462541
1118849065.2,510.0,611.7023587856647,8.409426142162978,-1.4887390486321712,512.0,591.0522640120948,10.01327468578667,-1.0618276788143286,518.0,569.8217207331637,10.894931360683428,-0.43627011097629154,505.0,621.7633311536528,8.198708070304876,-0.8074434822897457
1118849065.3,510.0,612.5355138366305,8.253674877178238,-1.4980788327610117,512.0,592.0482776669205,9.906998410741402,-1.0950293403085247,518.0,570.9090213438282,10.851080852652183,-0.44376756029442466,505.0,622.5793295380114,8.121259616875673,-0.7347380632111729
1118849065.4,510.0,613.3535122807908,8.10629400604799,-1.502594384081062,512.0,593.0335046208884,9.797540668606482,-1.1263949551940993,518.0,571.991944936415,10.807390999083385,-0.4330459298806494,505.0,623.3878215937414,8.048581497726172,-0.7124548651342434
1118849065.5,510.0,614.1567646925637,7.958754229396877,-1.4515617265920593,512.0,594.0076466183318,9.685299280239,-1.126307559731143,518.0,573.0705653637601,10.765017547780133,-0.4296568066846436,505.0,624.1890450752302,7.975888132051177,-0.7350416575280441
1118849065.6,510.0,614.9452980080304,7.8119120799316795,-1.4390665529773297,512.0,594.9704737990063,9.571244333247293,-1.1377297140388527,518.0,574.1450032808856,10.723740794774312,-0.423158263619547,505.0,624.9828264950089,7.899740263488544,-0.7941866507036113
1118849065.7,510.0,615.7192626616544,7.667380992550866,-1.4060678309948276,512.0,595.9218880856633,9.457041399875289,-1.1292451498127436,518.0,575.2152953554661,10.682100696788167,-0.4371638427862092,505.0,625.7687511207791,7.818752251948762,-0.8451962152469248
1118849065.8,510.0,616.4790037394129,7.527440562595426,-1.3486981933214242,512.0,596.8619779538975,9.344755964858006,-1.0996665886594716,518.0,576.2812913019723,10.637818233376914,-0.47775192449802256,505.0,626.5463608091756,7.733441515926035,-0.8816884959370044
1118849065.9,510.0,617.2250865074933,7.394214799008308,-1.255476298306466,512.0,597.7910159710933,9.236004379014782,-1.0586817740706382,518.0,577.3425944368441,10.588244464021292,-0.5660149807132213,505.0,627.3153288470261,7.645919241084351,-0.8899628267271545
1118849066.0,510.0,617.9582414638952,7.268884329035571,-1.176030750411637,512.0,598.7093702910008,9.131082019123847,-1.0232537518126381,518.0,578.3985540174948,10.53094714898997,-0.6601013926538458,505.0,628.0755566513092,7.5586368446271,-0.8841327929684656
1118849066.1,510.0,618.6792674946612,7.151636286277252,-1.0986710238438173,512.0,599.6173710245806,9.0289326524745,-1.0036582962462692,518.0,579.4483216037386,10.464404575919842,-0.7638560532175667,505.0,628.8271077990435,7.472386110023342,-0.8763150643344849
1118849066.2,510.0,619.388944534406,7.041904508641677,-1.0302094538826592,512.0,600.5152200420433,8.928047696804581,-0.9981645130645794,518.0,580.4909522234708,10.388207818717156,-0.8666931540640621,505.0,629.5699989301879,7.385436512867959,-0.8983971477850614
1118849066.3,510.0,620.087948562157,6.938176046363869,-1.0149735836857836,512.0,601.4030038541572,8.827628545495376,-1.0084022138400894,518.0,581.5254915097033,10.302577905956424,-0.931478387234884,505.0,630.3040003201767,7.294591286915168,-0.9558280261745313
1118849066.4,510.0,620.7767553004879,6.8379587202857595,-0.9941911744207081,512.0,602.2807797453329,8.727889277967238,-0.9985235128393445,518.0,582.5510157373878,10.207906647720048,-1.0225822420677344,505.0,631.0285883615966,7.197169541500821,-1.033079042989537
1118849066.5,510.0,621.4555857398047,6.73865006604346,-0.9967564599542306,512.0,603.1486239641616,8.628995098623262,-0.9913975850699597,518.0,583.5666568860386,10.104916325259294,-1.1031879026284344,505.0,631.7430711238989,7.092485704527415,-1.1045341163169666
1118849066.6,510.0,622.124439174334,6.638418624537691,-1.012691285345587,512.0,604.0065579023762,8.529683665657224,-1.0069193738620323,518.0,584.5716553897211,9.995053748417867,-1.1644289014451341,505.0,632.4467815085626,6.981721988770707,-1.157228379409064
1118849066.7,510.0,622.783175845363,6.536314796023237,-1.017964605737468,512.0,604.8543972995038,8.427104276934248,-1.124482520237088,518.0,585.5654285852726,9.880410162618782,-1.1720772413343499,505.0,633.1391971538591,6.866590917137055,-1.1937142387103912
1118849066.8,510.0,623.4316062937471,6.432294171701569,-1.0345241040363244,512.0,605.6905435397637,8.295820528256083,-1.2032283792526577,518.0,586.5476082577485,9.763183286896778,-1.1875626319307986,505.0,633.819942397903,6.748313963758246,-1.2019671671216605
1118849066.9,510.0,624.0696067149203,6.327714251749722,-1.029000378440261,512.0,606.5143427320127,8.180163316710171,-1.278932325150742,518.0,587.5180119605166,9.64489076847419,-1.1935273822795844,505.0,634.4887386568992,6.627611216127609,-1.2234013309030873
1118849067.0,510.0,624.6972719397062,6.22559024395081,-0.9860651373747849,512.0,607.3262806660031,8.05859536310529,-1.3300809246026817,518.0,588.47654016356,9.525673292399503,-1.2061809474293048,505.0,635.1453750735876,6.505117117691057,-1.2379620876920006
1118849067.1,510.0,625.3150294205758,6.129559373464325,-0.8768454594505024,512.0,608.1258820272604,7.933431862009923,-1.2669260769928286,518.0,589.4230475952972,9.404475342321385,-1.251031701589075,505.0,635.7897067917136,6.381517244790927,-1.245620465118967
1118849067.2,510.0,625.9236133470744,6.042119156465728,-0.787870124344797,512.0,608.9128760666814,7.806448926426217,-1.2791000275189028,518.0,590.3572686873837,9.279946499400124,-1.2914373425285393,505.0,636.4216535968873,6.257418858674658,-1.232841632560781
1118849067.3,510.0,626.5239073375016,5.963760652085992,-0.7039448303901833,512.0,609.6871210337678,7.6784504152891415,-1.287288512765219,518.0,591.278817108468,9.15102192229902,-1.3407781235120968,505.0,637.0411912941305,6.133335086232152,-1.2302215471970466
1118849067.4,510.0,627.1167622788738,5.8933381753958045,-0.6367814214380105,512.0,610.4485331817934,7.54979254525519,-1.2923202681431611,518.0,592.1872094275294,9.01682445894391,-1.3990923223659226,505.0,637.6483546040524,6.009931112210561,-1.2193476322796082
1118849067.5,510.0,627.7028799471401,5.829015189901976,-0.6007371680943231,512.0,611.1970662277287,7.420868373467921,-1.2831764687169291,518.0,593.0818627201426,8.87624139332182,-1.4694956433133979,505.0,638.243264638619,5.888269579118833,-1.1956340905714418
1118849067.6,510.0,628.2827907399075,5.769200665459413,-0.5630540896359286,512.0,611.932718427575,7.292175623459066,-1.2782649721429535,518.0,593.9620784247978,8.728072699738053,-1.5522172266885854,505.0,638.8261588359973,5.769614368413788,-1.1671809168397786
1118849067.7,510.0,628.8568988864992,5.712962266357905,-0.5311576897444761,512.0,612.6555384359559,7.164224544133899,-1.268414595771969,518.0,594.8270823805512,8.572006415331343,-1.6305570069163193,505.0,639.39737132671,5.654635445861003,-1.129928900768098
1118849067.8,510.0,629.4255367568828,5.6597951413485,-0.5032973337000601,512.0,613.3656249215296,7.037505167323883,-1.2537497304925471,518.0,595.6761466435998,8.409278845677058,-1.688065703693754,505.0,639.9572230424435,5.542398868818701,-1.1123928856460648
1118849067.9,510.0,629.9889860420399,5.609190561784512,-0.4923127429014238,512.0,614.063125569732,6.912507796755466,-1.223374617233163,518.0,596.5087209776483,8.242207835260622,-1.6828532213764382,505.0,640.5058580452169,5.430301186633045,-1.1271539857520352
1118849068.0,510.0,630.547469295982,5.5604745170485765,-0.4772289434331898,512.0,614.7482369495883,6.789719800341339,-1.199221953240331,518.0,597.3244840717749,8.073054047305973,-1.6940178423523709,505.0,641.0431705395234,5.315948699513189,-1.1390179201375148
1118849068.1,510.0,631.1011392873373,5.51292531003152,-0.46909045924224047,512.0,615.4212048847613,6.669638903146285,-1.1699637833112781,518.0,598.1233108746993,7.903482011190271,-1.6912028429215245,505.0,641.5689418218443,5.199476946909982,-1.1508792936034378
1118849068.2,510.0,631.6500799400577,5.465887744422765,-0.4670463090154117,512.0,616.0823296532991,6.552856467578557,-1.1341435900492263,518.0,598.9052220642118,7.734741779037436,-1.67741227432615,505.0,642.0831038648486,5.083763913155257,-1.1241011000652923
1118849068.3,510.0,632.1943054630965,5.418622716325293,-0.49987296659042546,512.0,616.7319643467962,6.43983740237208,-1.1093219097283784,518.0,599.6703421140215,7.567659217162984,-1.6622053174174585,505.0,642.5859167971826,4.972494733541804,-1.0635107343697592
1118849068.4,510.0,632.7337312522611,5.36989306696916,-0.5237022428852924,512.0,617.3704661898133,6.330199457954478,-1.080692240359732,518.0,600.4188369453093,7.402237408575513,-1.6483189908271885,505.0,643.0779514235945,4.8681977946955906,-0.9591249198688628
1118849068.5,510.0,633.26811298982,5.317741684218764,-0.571747103222261,512.0,617.9980974096725,6.222424939274686,-1.0721000450259095,518.0,601.1508209619632,7.2374429244881275,-1.6496509086349187,505.0,643.5599560729415,4.771895192230853,-0.8807201737054079
1118849068.6,510.0,633.7969965582647,5.25992968464454,-0.6426045360011228,512.0,618.6149515873653,6.114658614549479,-1.0805285663995072,518.0,601.8662928129236,7.0719940947625215,-1.6614141634632271,505.0,644.032741923872,4.683821826365146,-0.8019067326849019
1118849068.7,510.0,634.3197345440674,5.194830031455384,-0.7178604424853623,512.0,619.220963174402,6.005573126220714,-1.0993843283718765,518.0,602.5651675316185,6.9055002791287015,-1.6608118124399864,505.0,644.4971218021482,4.603775739179825,-0.7273603587379458
1118849068.8,510.0,634.8355763010157,5.122005107520245,-0.7971408717759325,512.0,619.8159664842152,5.894493070046945,-1.1213226649142214,518.0,603.2473769991643,6.738689071796802,-1.6580303309556503,505.0,644.9538749179183,4.5312865761958605,-0.6008846326213625
1118849068.9,510.0,635.3437744033262,5.041956938675404,-0.8681280286375259,512.0,620.3997690192067,5.7815576297385665,-1.1364770762946437,518.0,603.9129503039358,6.572777023628989,-1.642922323026985,505.0,645.4038110924369,4.467436914187113,-0.5138600436680579
1118849069.0,510.0,635.8436447316017,4.955449626829799,-0.9315125896762528,512.0,620.9722608890127,5.668279766375438,-1.1281683697026932,518.0,604.5620280639621,6.408778176870529,-1.6199656615158238,505.0,645.8480141362444,4.416623961987009,-0.37327805807818654
1118849069.1,510.0,636.3345855048526,4.8633658381978675,-0.9422391842822904,512.0,621.5335267714438,5.557037882292386,-1.0718807844457474,518.0,605.1948333361229,6.247327266334865,-1.5807710480431554,505.0,646.2879626195287,4.38234570370161,-0.22518252470293035
1118849069.2,510.0,636.8161230386992,4.7673848387138795,-0.9694781874395604,512.0,622.083837818784,5.449183064476266,-1.03733134861807,518.0,605.8116434380349,6.088874771914067,-1.5490814282561756,505.0,646.7250782072292,4.359966050288804,-0.22156856561276617
1118849069.3,510.0,637.2880052000058,4.670258387435334,-0.965053909132669,512.0,622.6235219872194,5.3445003042184,-1.00984792931559,518.0,606.4127798559526,5.933853586470463,-1.5129936934584536,505.0,647.1599831928303,4.338133661717093,-0.2886064783008948
1118849069.4,510.0,637.7502507293458,4.574652199350669,-0.9391980947865013,512.0,623.1529128850045,5.243317651498502,-0.9688831379997607,518.0,606.9986073489223,5.782696272894691,-1.4727598217205515,505.0,647.5922581564869,4.307365611434499,-0.43037538447141815
1118849069.5,510.0,638.203071784344,4.481768900633776,-0.9043912761592414,512.0,623.6724909456929,5.148243562254457,-0.8486458841125964,518.0,607.5695304959271,5.6357666671870135,-1.4220732586642963,505.0,648.020812233029,4.2637159194227445,-0.5896221969099843
1118849069.6,510.0,638.6467298120376,4.391391653202898,-0.8830063885260157,512.0,624.1830409231959,5.062755987858945,-0.7447753054425279,518.0,608.1259839394233,5.493302202748577,-1.3773823915157353,505.0,648.4443454683882,4.2069487877592975,-0.6551435912118725
1118849069.7,510.0,639.0814475806059,4.302963718190744,-0.8658395768764107,512.0,624.6856126460818,4.988678469804767,-0.6359714027403169,518.0,608.6684208464711,5.35543593821701,-1.331717696941101,505.0,648.8616460766017,4.139063376467867,-0.7551893661311868
1118849069.8,510.0,639.5074115894423,4.216316458503492,-0.8477898378150069,512.0,625.1813246224121,4.925561056852931,-0.5404875614838307,518.0,609.1973087721933,5.22232257621214,-1.2839868919044157,505.0,649.2717620031531,4.063255154546479,-0.8197415620218835
1118849069.9,510.0,639.9248107220003,4.131666192696087,-0.8416404997569457,512.0,625.671165452601,4.871255546876534,-0.488326987833593,518.0,609.7131374331659,5.094250643284453,-1.1521713643950582,505.0,649.6740402351618,3.9823094856528316,-0.8619208514938517
1118849070.0,510.0,640.3338504781096,4.049128929456359,-0.8209198802312866,512.0,626.1558644637374,4.8227246758606945,-0.44808725799013416,518.0,610.2177346566593,4.997693826537096,-1.0998707189216304,505.0,650.0680431719784,3.8977492506734315,-0.8708676494646538
1118849070.1,510.0,640.7347046679007,3.967954866378241,-0.8141813559752373,512.0,626.6358744226915,4.777474503262801,-0.4250251622016479,518.0,610.7116439192122,4.88049142452532,-1.0415886780500794,505.0,650.4534444199825,3.8102757094212905,-0.8977386078911263
1118849070.2,510.0,641.1274050571237,3.8860529180624046,-0.8355817809275647,512.0,627.1114845136112,4.73472731507685,-0.399791601815435,518.0,611.1941728782042,4.770087755301665,-0.9756479217201108,505.0,650.8299770626902,3.720377144746826,-0.9198986082843668
